(0,36)-->(256,46)
(0,52)-->(256,64)
(0,50)-->(256,62)
(0,61)-->(256,75)
(0,61)-->(256,75)
(0,66)-->(256,81)
(0,65)-->(256,79)
(0,66)-->(256,81)
(0,36)-->(256,46)
(0,52)-->(256,64)
(0,66)-->(256,81)
(0,65)-->(256,79)
(0,66)-->(256,81)
(0,104)-->(256,125)
(0,52)-->(256,64)
(0,50)-->(256,62)
(0,104)-->(256,125)
(0,60)-->(256,73)
(0,66)-->(256,81)
(0,36)-->(256,46)
(0,82)-->(256,99)
(0,98)-->(256,117)
(0,98)-->(256,117)
(0,45)-->(256,56)
(0,98)-->(256,117)
(0,66)-->(256,81)
(0,112)-->(256,135)
(0,59)-->(256,72)
(0,48)-->(256,60)
(0,31)-->(256,39)
(0,65)-->(256,79)
(0,115)-->(256,138)
(0,50)-->(256,62)
(0,108)-->(256,129)
(0,66)-->(256,81)
(0,85)-->(256,102)
(0,112)-->(256,135)
(0,44)-->(256,55)
(0,92)-->(256,111)
(0,53)-->(256,65)
(0,92)-->(256,111)
(0,61)-->(256,75)
(0,84)-->(256,102)
(0,45)-->(256,56)
(0,92)-->(256,111)
(0,52)-->(256,64)
