(0,43)-->(256,38)
(0,57)-->(256,58)
(0,56)-->(256,56)
(0,57)-->(256,58)
(0,67)-->(256,71)
(0,70)-->(256,77)
(0,57)-->(256,58)
(0,67)-->(256,71)
(0,84)-->(256,96)
(0,57)-->(256,58)
(0,84)-->(256,96)
(0,40)-->(256,35)
(0,56)-->(256,56)
(0,84)-->(256,96)
(0,84)-->(256,96)
(0,56)-->(256,56)
(0,67)-->(256,71)
(0,97)-->(256,114)
(0,56)-->(256,56)
(0,54)-->(256,53)
(0,70)-->(256,77)
(0,84)-->(256,96)
(0,54)-->(256,53)
(0,57)-->(256,58)
(0,54)-->(256,53)
(0,51)-->(256,49)
(0,111)-->(256,133)
(0,111)-->(256,133)
(0,40)-->(256,35)
(0,52)-->(256,51)
(0,43)-->(256,38)
(0,71)-->(256,77)
(0,69)-->(256,75)
(0,104)-->(256,123)
(0,67)-->(256,71)
(0,86)-->(256,98)
(0,107)-->(256,128)
(0,70)-->(256,77)
(0,70)-->(256,77)
(0,51)-->(256,49)
(0,54)-->(256,53)
(0,54)-->(256,53)
(0,86)-->(256,99)
(0,104)-->(256,123)
(0,31)-->(256,21)
(0,67)-->(256,71)
